   ID     X     Y      Map X       Map Y        Lat        Lon    B1    B2    B3    B4    B5    B6    B7    B8    B9   B10   B11   B12
    1  2914  2565  558240.00  5448740.00  49.188696  15.799281   165   328   250   562  1312  1554  1736   989   564    24    33    20
    2  2915  2565  558260.00  5448740.00  49.188694  15.799556   164   310   206   545  1324  1616  1719   945   485    21    32    17
    3  2916  2565  558280.00  5448740.00  49.188692  15.799830   170   333   227   553  1296  1610  1708   954   500    22    33    17
    4  2911  2566  558180.00  5448720.00  49.188522  15.798455   164   306   187   508  1397  1697  1850   801   359    21    32    17
    5  2912  2566  558200.00  5448720.00  49.188520  15.798729   155   309   199   516  1363  1647  1784   836   398    22    32    18
    6  2913  2566  558220.00  5448720.00  49.188518  15.799004   166   303   193   497  1413  1681  1831   826   403    19    30    17
    7  2914  2566  558240.00  5448720.00  49.188516  15.799278   170   320   191   527  1457  1768  1888   833   384    20    33    19
    8  2915  2566  558260.00  5448720.00  49.188514  15.799553   160   330   187   545  1449  1750  1877   831   392    19    34    19
    9  2916  2566  558280.00  5448720.00  49.188512  15.799827   154   316   191   525  1476  1765  1907   827   396    19    32    17
   10  2911  2567  558180.00  5448700.00  49.188342  15.798452   154   312   198   513  1360  1737  1839   795   351    21    32    16
   11  2912  2567  558200.00  5448700.00  49.188340  15.798726   144   306   181   500  1405  1629  1797   807   370    17    31    16
   12  2913  2567  558220.00  5448700.00  49.188338  15.799001   155   296   198   512  1336  1547  1678   839   411    21    30    16
   13  2914  2567  558240.00  5448700.00  49.188336  15.799275   158   306   207   515  1265  1601  1735   845   429    21    32    17
   14  2915  2567  558260.00  5448700.00  49.188334  15.799550   170   320   198   542  1395  1694  1889   843   385    21    33    18

   1  2923  2554  558420.00  5448960.00  49.190657  15.801783   244   380   484   721  1142  1197  1476  1566   992    51    39    24
   2  2923  2555  558420.00  5448940.00  49.190477  15.801780   254   399   535   755  1001  1108  1361  1657  1049    54    40    26
   3  2924  2555  558440.00  5448940.00  49.190476  15.802055   258   387   524   746  1027  1169  1370  1633  1015    57    40    26
   4  2923  2556  558420.00  5448920.00  49.190298  15.801777   261   396   479   706  1036  1141  1332  1583   988    49    41    28
   5  2924  2556  558440.00  5448920.00  49.190296  15.802052   260   386   501   721   959  1122  1307  1563   998    51    40    27

    1  2927  2562  558500.00  5448800.00  49.189211  15.802858   174   314   205   554  1600  1973  2162   838   370    20    32    16
    2  2928  2562  558520.00  5448800.00  49.189209  15.803132   183   361   203   579  1721  2082  2298   883   405    22    37    20
    3  2925  2563  558460.00  5448780.00  49.189035  15.802306   186   357   212   568  1605  2005  2148   865   384    22    37    18
    4  2926  2563  558480.00  5448780.00  49.189033  15.802580   174   378   218   560  1660  1996  2197   822   393    24    38    19
    5  2927  2563  558500.00  5448780.00  49.189031  15.802855   187   352   219   559  1649  1973  2171   845   371    23    36    18
    6  2928  2563  558520.00  5448780.00  49.189029  15.803129   163   362   219   557  1628  1954  2178   864   373    22    35    18
    7  2925  2564  558460.00  5448760.00  49.188855  15.802303   183   351   235   588  1731  2153  2325  1045   444    24    35    20
    8  2926  2564  558480.00  5448760.00  49.188853  15.802577   207   353   222   662  1723  2142  2267  1109   491    24    37    21
    9  2927  2564  558500.00  5448760.00  49.188851  15.802852   187   359   214   605  1659  2066  2216  1071   532    22    36    20
   10  2928  2564  558520.00  5448760.00  49.188849  15.803126   182   353   231   556  1655  2052  2248  1000   492    23    36    21

   1  2927  2553  558500.00  5448980.00  49.190830  15.802884   130   294   174   479  1423  1720  1921   806   386    19    29    13
   2  2928  2553  558520.00  5448980.00  49.190828  15.803158   155   306   175   509  1497  1848  1982   810   379    20    33    17
   3  2926  2554  558480.00  5448960.00  49.190652  15.802607   137   303   181   498  1379  1720  1849   885   419    22    30    14
   4  2927  2554  558500.00  5448960.00  49.190650  15.802881   145   296   171   502  1443  1769  1966   784   357    18    30    14
   5  2928  2554  558520.00  5448960.00  49.190648  15.803155   143   292   167   500  1472  1783  1967   772   379    17    31    15
   6  2929  2554  558540.00  5448960.00  49.190646  15.803430   139   302   171   498  1473  1797  2004   774   348    17    31    15

   1  2911  2561  558180.00  5448820.00  49.189421  15.798469   171   314   276   577  1178  1404  1566  1079   600    30    32    17
   2  2910  2562  558160.00  5448800.00  49.189243  15.798192   146   292   225   514  1181  1452  1586   970   532    25    27    14
   3  2911  2562  558180.00  5448800.00  49.189241  15.798466   160   310   228   536  1337  1549  1735   892   477    22    33    18
   4  2911  2563  558180.00  5448780.00  49.189061  15.798464   162   320   244   563  1372  1576  1789   934   492    24    33    19

   1  2920  2548  558360.00  5449080.00  49.191742  15.800977   145   294   181   490  1340  1592  1758   787   370    19    31    15
   2  2920  2549  558360.00  5449060.00  49.191563  15.800974   154   307   174   483  1369  1697  1807   780   378    19    31    16
   3  2921  2549  558380.00  5449060.00  49.191561  15.801249   144   284   175   491  1382  1677  1897   802   377    18    29    15
   4  2922  2549  558400.00  5449060.00  49.191559  15.801523   150   300   170   553  1541  1883  1986   997   435    20    31    17

   1  2871  2557  557380.00  5448900.00  49.190216  15.787503   137   232   178   404  1201  1505  1651   708   349    19    23    12
   2  2872  2557  557400.00  5448900.00  49.190214  15.787777   140   246   175   397  1271  1633  1714   713   340    18    25    13
   3  2871  2558  557380.00  5448880.00  49.190036  15.787500   153   267   206   432  1165  1412  1605   733   364    22    28    16
   4  2872  2558  557400.00  5448880.00  49.190034  15.787774   155   289   204   437  1223  1464  1659   754   369    20    28    15
   5  2873  2558  557420.00  5448880.00  49.190032  15.788049   153   293   193   441  1247  1463  1632   777   371    20    30    16
   6  2872  2559  557400.00  5448860.00  49.189854  15.787771   134   279   196   476  1202  1495  1646   771   395    20    29    15
   7  2873  2559  557420.00  5448860.00  49.189852  15.788046   156   288   205   458  1266  1554  1701   801   404    21    31    16

    1  2883  2556  557620.00  5448920.00  49.190373  15.790799   226   359   428   693  1103  1316  1446  1391   793    42    37    25
    2  2881  2557  557580.00  5448900.00  49.190197  15.790247   203   344   360   609  1026  1232  1417  1305   717    36    35    23
    3  2882  2557  557600.00  5448900.00  49.190195  15.790522   231   364   388   647  1256  1564  1717  1322   741    38    37    24
    4  2883  2557  557620.00  5448900.00  49.190193  15.790796   213   366   288   622  1548  1780  1954  1232   635    28    38    24
    5  2884  2557  557640.00  5448900.00  49.190192  15.791071   178   320   243   511  1308  1557  1773  1076   560    26    35    19
    6  2880  2558  557560.00  5448880.00  49.190019  15.789970   185   297   266   520  1230  1412  1584  1179   596    28    32    16
    7  2881  2558  557580.00  5448880.00  49.190017  15.790244   214   379   341   636  1423  1735  1931  1255   664    33    39    23
    8  2882  2558  557600.00  5448880.00  49.190015  15.790519   188   376   285   641  1691  1960  2198  1292   665    29    37    21
    9  2883  2558  557620.00  5448880.00  49.190013  15.790793   188   364   246   583  1698  2035  2230  1157   565    22    37    22
   10  2881  2559  557580.00  5448860.00  49.189837  15.790241   190   380   269   643  1739  2152  2328  1268   622    27    39    20

   1  2929  2582  558540.00  5448400.00  49.185609  15.803348   146   275   243   536  1062  1308  1471  1047   614    26    27    16
   2  2930  2582  558560.00  5448400.00  49.185607  15.803623   175   321   352   607   987  1193  1386  1134   691    35    33    21
   3  2931  2582  558580.00  5448400.00  49.185605  15.803897   160   292   279   548  1060  1219  1398  1090   626    27    29    16
   4  2932  2582  558600.00  5448400.00  49.185603  15.804172   156   275   253   502  1082  1309  1453  1043   557    27    29    16
   5  2929  2583  558540.00  5448380.00  49.185429  15.803345   140   266   192   496  1171  1402  1631   911   485    20    27    15
   6  2930  2583  558560.00  5448380.00  49.185427  15.803620   156   284   255   551  1100  1349  1558   975   528    28    30    17
   7  2931  2583  558580.00  5448380.00  49.185425  15.803894   147   274   206   508  1163  1359  1556   943   524    22    27    14
   8  2932  2583  558600.00  5448380.00  49.185423  15.804169   139   286   246   522  1143  1418  1610  1004   537    23    29    16

   1  2937  2576  558700.00  5448520.00  49.186673  15.805561   161   385   192   770  2995  3992  4287  1926   901    18    40    19
   2  2937  2577  558700.00  5448500.00  49.186493  15.805558   155   375   194   746  3235  4178  4488  1999   901    19    39    15
   3  2938  2577  558720.00  5448500.00  49.186491  15.805833   169   371   183   730  3138  4283  4739  1963   844    20    37    19
   4  2937  2578  558700.00  5448480.00  49.186313  15.805555   151   375   199   704  2794  3732  4121  1888   878    21    38    15
   5  2938  2578  558720.00  5448480.00  49.186311  15.805830   169   375   192   730  3086  4225  4685  1977   852    17    37    17
   6  2938  2579  558720.00  5448460.00  49.186131  15.805827   178   372   194   736  3046  4083  4437  1907   823    19    38    17

    1  2892  2641  557800.00  5447220.00  49.175066  15.793025   150   297   204   477  1080  1345  1557   868   433    22    31    18
    2  2893  2641  557820.00  5447220.00  49.175064  15.793299   154   284   205   434  1106  1309  1444   871   406    21    29    16
    3  2892  2642  557800.00  5447200.00  49.174886  15.793022   154   308   209   478  1273  1549  1747   839   424    20    30    17
    4  2893  2642  557820.00  5447200.00  49.174884  15.793296   156   292   201   484  1282  1574  1658   836   404    20    30    17
    5  2894  2642  557840.00  5447200.00  49.174882  15.793571   145   289   187   485  1263  1528  1752   824   396    20    29    16
    6  2895  2642  557860.00  5447200.00  49.174880  15.793845   149   293   199   471  1265  1580  1706   830   407    23    31    17
    7  2893  2643  557820.00  5447180.00  49.174704  15.793293   149   287   182   485  1267  1586  1721   814   395    17    28    16
    8  2894  2643  557840.00  5447180.00  49.174702  15.793568   166   293   209   499  1293  1602  1753   881   401    21    30    17
    9  2895  2643  557860.00  5447180.00  49.174700  15.793842   183   316   255   541  1284  1553  1685  1007   523    26    32    18
   10  2894  2644  557840.00  5447160.00  49.174522  15.793565   154   288   205   475  1292  1552  1779   984   475    22    28    14
   11  2895  2644  557860.00  5447160.00  49.174520  15.793839   207   339   364   613  1277  1511  1725  1240   701    38    35    20

    1  2880  2635  557560.00  5447340.00  49.176168  15.789749   443   827   673  1431  2936  3442  3783  2868  1535    67    84    47
    2  2880  2636  557560.00  5447320.00  49.175988  15.789746   441   838   744  1471  2857  3266  3650  3048  1682    75    86    48
    3  2881  2636  557580.00  5447320.00  49.175986  15.790021   479   818   742  1475  2872  3355  3786  3130  1690    75    83    47
    4  2879  2637  557540.00  5447300.00  49.175810  15.789469   565   927   990  1599  2545  2944  3347  3253  1906   102    95    58
    5  2880  2637  557560.00  5447300.00  49.175808  15.789744   480   867   828  1578  2835  3215  3520  3189  1816    84    89    51
    6  2881  2637  557580.00  5447300.00  49.175806  15.790018   443   822   719  1511  2962  3475  4009  3089  1670    74    85    47
    7  2879  2638  557540.00  5447280.00  49.175630  15.789466   528   923   953  1594  2565  2915  3356  3281  1917    97    93    54
    8  2880  2638  557560.00  5447280.00  49.175628  15.789741   480   841   800  1557  2976  3346  3623  3113  1735    83    86    48
    9  2879  2639  557540.00  5447260.00  49.175450  15.789464   478   883   805  1558  2712  3085  3515  3108  1716    81    89    49
   10  2880  2639  557560.00  5447260.00  49.175448  15.789738   441   813   726  1535  3136  3616  3834  2964  1545    75    83    45
   11  2879  2640  557540.00  5447240.00  49.175270  15.789461   449   865   735  1544  2913  3272  3656  2946  1599    72    88    47

   1  2902  2618  558000.00  5447680.00  49.179184  15.795835   149   301   168   488  1398  1717  1874   770   370    20    32    15
   2  2903  2618  558020.00  5447680.00  49.179182  15.796109   143   302   176   496  1449  1791  1921   827   384    19    30    13
   3  2902  2619  558000.00  5447660.00  49.179004  15.795832   161   303   176   459  1377  1692  1764   754   346    20    32    16
   4  2903  2619  558020.00  5447660.00  49.179003  15.796106   155   287   164   460  1354  1623  1810   770   369    17    31    16
   5  2904  2619  558040.00  5447660.00  49.179001  15.796381   151   295   186   448  1391  1658  1833   787   376    19    30    16
   6  2903  2620  558020.00  5447640.00  49.178823  15.796103   147   303   171   464  1363  1655  1775   773   369    17    31    16
   7  2904  2620  558040.00  5447640.00  49.178821  15.796378   143   283   185   465  1366  1659  1804   781   372    18    30    15
   8  2904  2621  558040.00  5447620.00  49.178641  15.796375   149   292   173   487  1365  1691  1895   758   375    17    30    15

    1  2897  2688  557900.00  5446280.00  49.166601  15.794261   220   354   376   623  1080  1298  1541  1242   687    38    35    21
    2  2896  2689  557880.00  5446260.00  49.166423  15.793984   160   283   224   528  1094  1355  1468   974   498    22    28    17
    3  2897  2689  557900.00  5446260.00  49.166422  15.794258   192   327   375   594  1085  1282  1490  1212   710    37    33    21
    4  2898  2689  557920.00  5446260.00  49.166420  15.794533   210   348   405   669  1111  1348  1481  1361   792    44    36    20
    5  2894  2690  557840.00  5446240.00  49.166247  15.793433   179   310   244   502  1133  1354  1539   963   476    24    32    20
    6  2895  2690  557860.00  5446240.00  49.166245  15.793707   153   292   222   484  1101  1355  1473   887   457    23    28    16
    7  2896  2690  557880.00  5446240.00  49.166244  15.793981   139   293   208   476  1135  1375  1530   872   438    21    29    17
    8  2897  2690  557900.00  5446240.00  49.166242  15.794256   166   275   245   488  1067  1260  1451   972   516    25    27    15
    9  2898  2690  557920.00  5446240.00  49.166240  15.794530   188   311   356   623  1065  1231  1473  1239   701    37    34    19
   10  2894  2691  557840.00  5446220.00  49.166067  15.793430   174   299   245   508  1191  1394  1633  1024   558    24    31    18
   11  2895  2691  557860.00  5446220.00  49.166066  15.793704   150   283   210   490  1198  1424  1612   887   441    23    29    16
   12  2896  2691  557880.00  5446220.00  49.166064  15.793978   133   276   196   482  1152  1394  1553   836   409    19    29    16
   13  2897  2691  557900.00  5446220.00  49.166062  15.794253   145   268   199   451  1143  1358  1551   864   432    21    28    16
   14  2898  2691  557920.00  5446220.00  49.166060  15.794527   163   306   281   567  1120  1417  1545  1112   613    28    31    18
   15  2894  2692  557840.00  5446200.00  49.165888  15.793427   198   337   292   576  1222  1530  1616  1130   600    30    35    20
   16  2895  2692  557860.00  5446200.00  49.165886  15.793701   160   302   226   512  1235  1433  1651   919   449    23    31    16
   17  2896  2692  557880.00  5446200.00  49.165884  15.793975   149   295   207   463  1202  1425  1608   867   431    24    32    18
   18  2897  2692  557900.00  5446200.00  49.165882  15.794250   149   274   206   460  1190  1415  1588   878   459    20    27    14
   19  2898  2692  557920.00  5446200.00  49.165880  15.794524   178   327   317   596  1152  1481  1572  1152   661    34    34    21
   20  2897  2693  557900.00  5446180.00  49.165702  15.794247   155   278   204   481  1182  1425  1650   948   506    23    29    16
   21  2898  2693  557920.00  5446180.00  49.165700  15.794521   174   287   269   515  1196  1449  1616  1070   603    29    29    17

   1  2899  2676  557940.00  5446520.00  49.168756  15.794845   158   308   220   499  1365  1629  1795   914   442    25    33    16
   2  2898  2677  557920.00  5446500.00  49.168578  15.794567   159   296   197   480  1284  1546  1679   839   426    22    32    19
   3  2899  2677  557940.00  5446500.00  49.168577  15.794842   152   296   201   472  1299  1562  1739   856   413    20    30    16
   4  2900  2677  557960.00  5446500.00  49.168575  15.795116   147   301   199   465  1276  1545  1659   868   417    21    30    15
   5  2899  2678  557940.00  5446480.00  49.168397  15.794839   177   316   213   507  1359  1655  1788   862   415    22    33    19
   6  2900  2678  557960.00  5446480.00  49.168395  15.795113   170   306   213   504  1364  1598  1778   882   427    23    31    16

    1  2870  2658  557360.00  5446880.00  49.172049  15.786940   177   334   214   533  1558  1893  2101  1096   545    24    35    17
    2  2871  2658  557380.00  5446880.00  49.172047  15.787214   189   382   260   566  1521  1814  2128  1225   609    26    39    20
    3  2869  2659  557340.00  5446860.00  49.171871  15.786663   178   337   226   549  1610  1994  2144  1087   540    23    35    20
    4  2870  2659  557360.00  5446860.00  49.171869  15.786937   178   345   226   554  1659  2030  2237  1206   594    23    35    19
    5  2871  2659  557380.00  5446860.00  49.171867  15.787211   168   326   213   574  1721  2150  2377  1241   590    23    34    17
    6  2872  2659  557400.00  5446860.00  49.171865  15.787486   172   334   213   563  1766  2177  2369  1267   606    23    35    18
    7  2869  2660  557340.00  5446840.00  49.171691  15.786660   188   353   222   560  1641  2038  2216  1139   564    24    37    20
    8  2870  2660  557360.00  5446840.00  49.171689  15.786934   185   358   222   572  1789  2198  2382  1259   606    23    37    19
    9  2871  2660  557380.00  5446840.00  49.171687  15.787209   183   360   222   602  1903  2366  2579  1344   646    24    37    19
   10  2872  2660  557400.00  5446840.00  49.171685  15.787483   176   357   215   593  1864  2324  2489  1289   639    22    36    18
   11  2869  2661  557340.00  5446820.00  49.171511  15.786657   170   366   228   571  1832  2255  2413  1269   590    23    37    19
   12  2870  2661  557360.00  5446820.00  49.171509  15.786931   182   359   224   583  1849  2264  2511  1299   653    23    38    19
   13  2871  2661  557380.00  5446820.00  49.171507  15.787206   184   373   222   612  1936  2389  2638  1339   663    24    38    19

   1  2933  2637  558620.00  5447300.00  49.175707  15.804286   164   316   195   506  1541  1892  2120   840   410    20    33    17
   2  2934  2637  558640.00  5447300.00  49.175706  15.804560   174   329   228   541  1545  1895  2102   915   468    23    33    16
   3  2933  2638  558620.00  5447280.00  49.175528  15.804283   163   315   199   520  1578  1965  2162   846   393    21    33    17
   4  2934  2638  558640.00  5447280.00  49.175526  15.804557   158   326   204   546  1524  1901  2077   883   440    21    32    16
   5  2933  2639  558620.00  5447260.00  49.175348  15.804280   173   320   221   533  1602  1985  2205   841   417    23    33    18

   1  2935  2636  558660.00  5447320.00  49.175884  15.804837   158   304   200   493  1451  1799  2011   842   407    23    33    15
   2  2936  2636  558680.00  5447320.00  49.175882  15.805112   158   313   214   507  1549  1907  2079  1000   447    24    32    17
   3  2935  2637  558660.00  5447300.00  49.175704  15.804834   158   335   234   514  1464  1830  2027   917   468    24    36    18
   4  2936  2637  558680.00  5447300.00  49.175702  15.805109   157   290   196   467  1412  1757  1906   959   478    19    29    15

    1  2908  2698  558120.00  5446080.00  49.164782  15.797250   151   281   208   489  1216  1466  1622   955   480    26    29    15
    2  2909  2698  558140.00  5446080.00  49.164780  15.797524   157   315   256   514  1209  1477  1617  1024   543    26    31    18
    3  2910  2698  558160.00  5446080.00  49.164778  15.797799   143   281   214   505  1156  1382  1618   965   503    18    30    17
    4  2907  2699  558100.00  5446060.00  49.164604  15.796973   192   333   354   616  1145  1451  1592  1200   696    37    35    20
    5  2908  2699  558120.00  5446060.00  49.164602  15.797247   189   342   347   643  1245  1456  1716  1280   697    38    34    20
    6  2909  2699  558140.00  5446060.00  49.164600  15.797521   200   327   373   602  1080  1280  1453  1238   718    37    32    19
    7  2910  2699  558160.00  5446060.00  49.164598  15.797796   146   271   237   520  1142  1366  1555  1000   553    25    29    16
    8  2907  2700  558100.00  5446040.00  49.164424  15.796970   185   341   292   598  1337  1610  1791  1138   638    30    34    18
    9  2908  2700  558120.00  5446040.00  49.164422  15.797244   182   336   366   593  1089  1251  1558  1214   724    37    36    21
   10  2909  2700  558140.00  5446040.00  49.164420  15.797519   172   300   320   560  1049  1309  1455  1091   638    34    31    18
   11  2910  2700  558160.00  5446040.00  49.164418  15.797793   135   285   203   496  1240  1493  1663   949   499    24    28    14
   12  2908  2701  558120.00  5446020.00  49.164242  15.797241   136   274   222   482  1130  1360  1539   951   483    25    28    13
   13  2909  2701  558140.00  5446020.00  49.164240  15.797516   152   293   208   502  1201  1535  1629   898   442    22    30    17

    1  2630  2676  552560.00  5446520.00  49.169241  15.721046   204   331   217   483  1350  1602  1760   743   337    22    33    20
    2  2631  2676  552580.00  5446520.00  49.169239  15.721320   184   315   222   481  1305  1594  1714   744   331    23    34    21
    3  2632  2676  552600.00  5446520.00  49.169237  15.721595   186   317   218   489  1283  1543  1707   740   336    22    33    20
    4  2633  2676  552620.00  5446520.00  49.169236  15.721869   201   323   225   490  1320  1596  1743   744   319    23    33    20
    5  2634  2676  552640.00  5446520.00  49.169234  15.722143   201   320   220   472  1328  1627  1830   763   325    23    34    20
    6  2630  2677  552560.00  5446500.00  49.169061  15.721043   205   321   217   481  1303  1607  1746   724   313    22    33    20
    7  2631  2677  552580.00  5446500.00  49.169059  15.721318   189   323   222   509  1285  1574  1693   725   314    24    33    21
    8  2632  2677  552600.00  5446500.00  49.169057  15.721592   204   325   224   505  1329  1647  1796   730   334    23    33    20
    9  2633  2677  552620.00  5446500.00  49.169056  15.721866   213   338   225   519  1408  1716  1862   792   358    23    34    21
   10  2634  2677  552640.00  5446500.00  49.169054  15.722141   197   315   226   493  1314  1625  1819   760   330    23    33    19
   11  2630  2678  552560.00  5446480.00  49.168881  15.721041   203   300   205   456  1264  1567  1675   727   311    25    33    20
   12  2631  2678  552580.00  5446480.00  49.168879  15.721315   188   330   228   491  1339  1609  1752   738   344    25    33    21
   13  2632  2678  552600.00  5446480.00  49.168878  15.721589   212   334   232   511  1426  1688  1820   772   330    26    35    23
   14  2630  2679  552560.00  5446460.00  49.168701  15.721038   191   317   216   465  1340  1578  1739   744   319    22    33    20
   15  2631  2679  552580.00  5446460.00  49.168699  15.721312   177   321   209   466  1388  1640  1798   783   353    21    33    21
   16  2632  2679  552600.00  5446460.00  49.168698  15.721587   203   325   204   469  1306  1658  1725   745   327    22    32    21
   17  2630  2680  552560.00  5446440.00  49.168521  15.721035   197   314   218   484  1376  1629  1784   784   363    23    33    20
   18  2631  2680  552580.00  5446440.00  49.168520  15.721310   193   306   214   460  1325  1541  1749   743   346    23    31    19

    1  2632  2688  552600.00  5446280.00  49.167079  15.721563   167   303   199   471  1333  1535  1694   759   334    23    32    19
    2  2633  2688  552620.00  5446280.00  49.167077  15.721838   179   300   204   444  1226  1465  1620   731   313    20    31    19
    3  2634  2688  552640.00  5446280.00  49.167075  15.722112   200   319   214   468  1222  1518  1641   753   323    21    31    18
    4  2635  2688  552660.00  5446280.00  49.167073  15.722386   199   321   233   489  1233  1509  1668   766   352    24    32    20
    5  2636  2688  552680.00  5446280.00  49.167072  15.722661   204   314   230   478  1233  1542  1665   766   354    24    33    21
    6  2632  2689  552600.00  5446260.00  49.166899  15.721561   185   312   208   462  1293  1486  1657   715   322    23    32    20
    7  2633  2689  552620.00  5446260.00  49.166897  15.721835   192   303   204   450  1216  1357  1567   714   319    21    31    20
    8  2634  2689  552640.00  5446260.00  49.166895  15.722109   195   307   223   452  1212  1511  1611   705   330    22    32    20
    9  2635  2689  552660.00  5446260.00  49.166894  15.722384   217   325   226   501  1293  1540  1733   740   347    24    34    22
   10  2636  2689  552680.00  5446260.00  49.166892  15.722658   192   336   228   505  1263  1542  1654   768   359    23    34    22
   11  2632  2690  552600.00  5446240.00  49.166719  15.721558   201   347   215   501  1461  1879  1895   885   382    21    33    21
   12  2633  2690  552620.00  5446240.00  49.166717  15.721832   186   298   205   482  1272  1564  1661   777   344    20    31    19
   13  2634  2690  552640.00  5446240.00  49.166715  15.722107   176   299   208   443  1179  1414  1568   680   305    22    30    18
   14  2635  2690  552660.00  5446240.00  49.166714  15.722381   189   321   215   493  1244  1514  1671   739   318    22    33    22
   15  2636  2690  552680.00  5446240.00  49.166712  15.722655   195   328   222   490  1258  1490  1636   749   359    23    33    20
   16  2635  2691  552660.00  5446220.00  49.166534  15.722378   204   319   211   488  1225  1486  1597   728   320    22    33    23
   17  2636  2691  552680.00  5446220.00  49.166532  15.722653   200   330   228   477  1256  1524  1642   769   335    23    34    21

    1  2613  2644  552220.00  5447160.00  49.175026  15.716465   257   375   271   548  1354  1665  1819   800   336    27    39    27
    2  2614  2644  552240.00  5447160.00  49.175025  15.716739   266   370   249   510  1320  1631  1777   763   338    26    37    25
    3  2615  2644  552260.00  5447160.00  49.175023  15.717014   226   350   248   516  1350  1671  1791   777   322    24    35    23
    4  2613  2645  552220.00  5447140.00  49.174846  15.716462   250   376   258   548  1376  1692  1828   793   333    26    38    26
    5  2614  2645  552240.00  5447140.00  49.174845  15.716737   257   368   251   516  1347  1678  1798   763   326    27    38    26
    6  2615  2645  552260.00  5447140.00  49.174843  15.717011   237   369   265   518  1409  1648  1837   777   331    27    38    26
    7  2616  2645  552280.00  5447140.00  49.174841  15.717286   231   361   254   511  1328  1638  1747   815   357    27    37    25
    8  2612  2646  552200.00  5447120.00  49.174668  15.716186   257   372   268   542  1392  1642  1749   799   352    29    37    26
    9  2613  2646  552220.00  5447120.00  49.174667  15.716460   242   371   281   538  1362  1631  1790   785   351    29    37    26
   10  2614  2646  552240.00  5447120.00  49.174665  15.716734   237   364   258   520  1350  1638  1787   786   339    28    38    26
   11  2615  2646  552260.00  5447120.00  49.174663  15.717009   253   368   254   540  1367  1620  1791   789   348    27    38    26
   12  2616  2646  552280.00  5447120.00  49.174661  15.717283   233   347   254   527  1360  1653  1780   787   352    28    37    25
   13  2612  2647  552200.00  5447100.00  49.174488  15.716183   256   368   269   511  1357  1618  1711   793   360    27    38    28
   14  2613  2647  552220.00  5447100.00  49.174487  15.716457   253   359   270   532  1347  1617  1773   798   359    27    37    27
   15  2614  2647  552240.00  5447100.00  49.174485  15.716732   251   367   253   525  1380  1653  1827   794   363    28    38    27
   16  2615  2647  552260.00  5447100.00  49.174483  15.717006   229   361   251   534  1402  1677  1836   790   354    27    37    26
   17  2616  2647  552280.00  5447100.00  49.174482  15.717280   238   352   249   528  1390  1710  1817   799   353    27    37    25
   18  2612  2648  552200.00  5447080.00  49.174309  15.716180   258   373   262   528  1338  1601  1768   760   361    27    38    26
   19  2613  2648  552220.00  5447080.00  49.174307  15.716455   234   360   265   526  1348  1586  1716   766   349    26    37    25
   20  2614  2648  552240.00  5447080.00  49.174305  15.716729   227   366   260   530  1390  1643  1833   788   345    27    38    26
   21  2615  2648  552260.00  5447080.00  49.174303  15.717003   256   367   264   551  1390  1634  1794   780   356    27    38    26
   22  2612  2649  552200.00  5447060.00  49.174129  15.716178   244   378   269   541  1415  1722  1864   798   360    27    38    25
   23  2613  2649  552220.00  5447060.00  49.174127  15.716452   236   362   252   526  1384  1647  1754   782   358    25    37    24
   24  2614  2649  552240.00  5447060.00  49.174125  15.716726   233   366   256   532  1343  1606  1814   777   344    25    37    24
   25  2615  2649  552260.00  5447060.00  49.174124  15.717001   220   350   248   497  1348  1675  1772   783   358    25    36    24
   26  2611  2650  552180.00  5447040.00  49.173950  15.715901   252   386   270   539  1414  1705  1839   806   370    29    40    27
   27  2612  2650  552200.00  5447040.00  49.173949  15.716175   256   388   288   542  1411  1747  1873   818   370    28    39    26
   28  2613  2650  552220.00  5447040.00  49.173947  15.716449   236   366   258   528  1374  1663  1780   788   354    27    37    24
   29  2614  2650  552240.00  5447040.00  49.173945  15.716724   238   360   261   524  1371  1616  1792   775   338    26    37    24
   30  2615  2650  552260.00  5447040.00  49.173944  15.716998   231   362   249   526  1436  1775  1889   790   351    26    37    25
   31  2611  2651  552180.00  5447020.00  49.173771  15.715898   238   375   268   533  1367  1650  1787   803   367    27    39    26
   32  2612  2651  552200.00  5447020.00  49.173769  15.716173   240   353   255   523  1315  1581  1738   796   373    26    36    23
   33  2613  2651  552220.00  5447020.00  49.173767  15.716447   219   351   260   518  1314  1591  1731   773   349    26    34    22
   34  2614  2651  552240.00  5447020.00  49.173765  15.716721   227   348   245   527  1334  1561  1762   776   324    26    35    23
   35  2615  2651  552260.00  5447020.00  49.173764  15.716996   228   347   253   530  1400  1680  1816   784   352    25    35    23
   36  2613  2652  552220.00  5447000.00  49.173587  15.716444   238   353   242   517  1349  1631  1766   776   342    27    36    24
   37  2614  2652  552240.00  5447000.00  49.173586  15.716719   232   347   249   527  1388  1621  1792   762   336    26    36    24

    1  2626  2648  552480.00  5447080.00  49.174285  15.720022   206   350   243   495  1345  1638  1755   798   365    23    34    23
    2  2626  2649  552480.00  5447060.00  49.174105  15.720019   218   331   238   506  1331  1595  1758   796   371    24    34    23
    3  2627  2649  552500.00  5447060.00  49.174103  15.720293   248   353   261   519  1233  1528  1643   810   370    27    36    26
    4  2625  2650  552460.00  5447040.00  49.173927  15.719742   257   353   241   509  1287  1576  1718   766   351    25    36    24
    5  2626  2650  552480.00  5447040.00  49.173925  15.720016   266   358   241   485  1279  1568  1672   796   371    26    37    24
    6  2627  2650  552500.00  5447040.00  49.173923  15.720291   276   414   316   583  1361  1603  1724   874   397    33    43    29
    7  2625  2651  552460.00  5447020.00  49.173747  15.719739   247   377   264   472  1263  1518  1695   767   350    27    38    27
    8  2626  2651  552480.00  5447020.00  49.173745  15.720014   237   374   277   530  1355  1625  1745   854   385    29    37    23
    9  2627  2651  552500.00  5447020.00  49.173743  15.720288   247   405   364   624  1457  1639  1844   926   429    38    42    25
   10  2625  2652  552460.00  5447000.00  49.173567  15.719737   225   379   283   545  1387  1654  1798   853   384    29    40    26
   11  2626  2652  552480.00  5447000.00  49.173565  15.720011   203   357   279   558  1439  1800  1857   906   437    27    36    22
   12  2627  2652  552500.00  5447000.00  49.173563  15.720286   213   346   293   585  1423  1698  1857   908   462    31    37    22

   1  2627  2658  552500.00  5446880.00  49.172484  15.720270   195   324   218   471  1218  1501  1612   753   333    22    33    21
   2  2627  2659  552500.00  5446860.00  49.172304  15.720267   208   325   224   464  1306  1558  1685   732   325    22    33    21
   3  2628  2659  552520.00  5446860.00  49.172302  15.720542   205   310   218   481  1237  1547  1649   744   336    22    33    22
   4  2627  2660  552500.00  5446840.00  49.172124  15.720265   205   321   229   474  1274  1540  1650   723   326    24    32    20
   5  2628  2660  552520.00  5446840.00  49.172122  15.720539   217   329   228   484  1302  1538  1678   736   333    23    33    22
   6  2629  2660  552540.00  5446840.00  49.172121  15.720813   206   320   218   473  1271  1521  1677   713   340    22    33    22
   7  2627  2661  552500.00  5446820.00  49.171944  15.720262   203   331   226   495  1311  1606  1745   749   329    23    34    23
   8  2628  2661  552520.00  5446820.00  49.171943  15.720536   216   328   242   492  1259  1557  1678   751   331    24    34    23
   9  2629  2661  552540.00  5446820.00  49.171941  15.720811   213   321   220   483  1256  1538  1699   744   346    22    32    21

   1  3113  2543  562220.00  5449180.00  49.192262  15.853964   152   302   227   498  1168  1418  1551  1062   584    23    31    16
   2  3112  2544  562200.00  5449160.00  49.192084  15.853687   130   290   213   503  1220  1448  1596  1066   560    23    30    15
   3  3113  2544  562220.00  5449160.00  49.192082  15.853961   136   289   191   513  1245  1531  1701   990   509    19    30    15
   4  3112  2545  562200.00  5449140.00  49.191905  15.853684   140   301   223   523  1171  1404  1577  1111   581    22    32    17
   5  3113  2545  562220.00  5449140.00  49.191903  15.853958   149   294   201   511  1246  1511  1709   971   507    23    30    16
   6  3113  2546  562220.00  5449120.00  49.191723  15.853955   130   280   185   475  1258  1544  1694   958   501    20    29    15

   1  3118  2586  562320.00  5448320.00  49.184517  15.855203   143   273   211   457  1201  1451  1644  1002   507    22    29    15
   2  3118  2587  562320.00  5448300.00  49.184337  15.855200    98   240   166   421  1150  1447  1607   904   444    16    26    12
   3  3119  2587  562340.00  5448300.00  49.184335  15.855475   116   238   141   393  1228  1657  1731   883   428    14    25    11
   4  3120  2587  562360.00  5448300.00  49.184333  15.855749   116   241   155   438  1212  1442  1656   899   434    18    26    11
   5  3118  2588  562320.00  5448280.00  49.184157  15.855197   118   249   145   375  1118  1344  1579   804   381    15    25    11
   6  3119  2588  562340.00  5448280.00  49.184155  15.855471   117   227   155   428  1152  1362  1540   819   396    17    26    13
   7  3119  2589  562340.00  5448260.00  49.183975  15.855468   135   245   153   424  1203  1532  1624   893   433    18    25    13

   1  3081  2610  561580.00  5447840.00  49.180274  15.844976   167   309   267   528  1177  1475  1588  1053   569    29    33    17
   2  3082  2610  561600.00  5447840.00  49.180272  15.845250   160   311   343   538   995  1212  1338  1154   687    32    32    16
   3  3080  2611  561560.00  5447820.00  49.180097  15.844699   119   259   190   476  1192  1418  1562   939   471    17    28    15
   4  3081  2611  561580.00  5447820.00  49.180095  15.844973   149   297   198   482  1241  1471  1691   946   493    21    31    16
   5  3082  2611  561600.00  5447820.00  49.180093  15.845247   147   298   263   570  1178  1307  1560  1154   627    27    32    16
   6  3080  2612  561560.00  5447800.00  49.179917  15.844696   128   274   178   470  1222  1457  1578   924   482    17    28    14
   7  3081  2612  561580.00  5447800.00  49.179915  15.844970   113   268   185   483  1165  1458  1593   982   475    18    27    12
   8  3080  2613  561560.00  5447780.00  49.179737  15.844692   141   307   198   479  1323  1585  1778   966   504    19    32    17

   1  3096  2607  561880.00  5447900.00  49.180784  15.849101   145   281   212   463  1220  1365  1657  1076   502    22    30    16
   2  3097  2607  561900.00  5447900.00  49.180782  15.849376   132   285   196   468  1182  1458  1614   955   483    21    28    14
   3  3098  2607  561920.00  5447900.00  49.180780  15.849650   138   281   210   543  1229  1405  1563  1096   548    22    28    14
   4  3097  2608  561900.00  5447880.00  49.180602  15.849373   144   289   238   540  1130  1435  1569  1224   615    26    31    16
   5  3098  2608  561920.00  5447880.00  49.180600  15.849647   159   301   244   555  1237  1456  1617  1178   636    24    32    15

    1  3130  2743  562560.00  5445180.00  49.156250  15.858008   161   334   244   507  1393  1669  1878  1018   585    25    34    16
    2  3129  2744  562540.00  5445160.00  49.156073  15.857731   124   285   191   434  1203  1459  1574   888   507    19    28    14
    3  3130  2744  562560.00  5445160.00  49.156070  15.858005   169   314   217   533  1349  1623  1810   947   540    22    31    18
    4  3131  2744  562580.00  5445160.00  49.156068  15.858279   183   340   247   552  1355  1654  1841  1065   601    24    34    22
    5  3129  2745  562540.00  5445140.00  49.155893  15.857728   149   293   206   478  1292  1538  1659   906   484    21    30    18
    6  3130  2745  562560.00  5445140.00  49.155891  15.858002   138   290   209   515  1289  1551  1716   938   496    21    30    16
    7  3131  2745  562580.00  5445140.00  49.155889  15.858276   164   324   218   542  1385  1694  1789   976   530    24    33    17
    8  3132  2745  562600.00  5445140.00  49.155887  15.858550   143   312   248   555  1340  1576  1791  1084   595    26    32    14
    9  3129  2746  562540.00  5445120.00  49.155713  15.857725   148   290   211   483  1310  1555  1688   937   499    21    29    17
   10  3130  2746  562560.00  5445120.00  49.155711  15.857999   142   275   194   489  1259  1497  1655   915   470    19    28    14
   11  3131  2746  562580.00  5445120.00  49.155709  15.858273   151   295   225   520  1324  1565  1745   936   514    24    30    15
   12  3132  2746  562600.00  5445120.00  49.155707  15.858547   145   307   226   537  1277  1566  1661   990   549    22    30    14
   13  3130  2747  562560.00  5445100.00  49.155531  15.857996   137   274   180   488  1212  1479  1577   906   484    17    27    14
   14  3131  2747  562580.00  5445100.00  49.155529  15.858270   149   304   219   510  1271  1530  1728   960   527    22    30    17

   1  3148  2746  562920.00  5445120.00  49.155674  15.862936   103   240   160   428  1293  1518  1770   861   453    19    27    11
   2  3148  2747  562920.00  5445100.00  49.155494  15.862932   115   269   180   448  1237  1522  1640   842   449    18    28    13
   3  3149  2747  562940.00  5445100.00  49.155492  15.863207   114   254   163   438  1186  1498  1634   830   437    16    26    12
   4  3150  2747  562960.00  5445100.00  49.155490  15.863481   101   268   176   435  1191  1507  1612   868   451    18    27    12
   5  3149  2748  562940.00  5445080.00  49.155312  15.863204   128   295   186   493  1354  1682  1870   879   457    19    30    14

    1  3195  2698  563860.00  5446080.00  49.164211  15.875978    91   260   150   538  1749  2222  2483  1202   563    17    27    12
    2  3196  2698  563880.00  5446080.00  49.164209  15.876252    59   192   109   341  1174  1468  1578   865   414    13    21     6
    3  3194  2699  563840.00  5446060.00  49.164034  15.875701    95   250   148   528  1537  1940  2108  1039   507    15    26    11
    4  3195  2699  563860.00  5446060.00  49.164032  15.875975    73   211   112   396  1302  1616  1858   872   428    14    23     9
    5  3196  2699  563880.00  5446060.00  49.164029  15.876249    59   189    89   327  1121  1403  1509   788   366    10    19     4
    6  3193  2700  563820.00  5446040.00  49.163856  15.875423    71   207   107   405  1341  1754  1799   952   452    13    23     8
    7  3194  2700  563840.00  5446040.00  49.163854  15.875698    69   212   111   377  1208  1508  1656   813   393    12    23     9
    8  3195  2700  563860.00  5446040.00  49.163852  15.875972    73   200    96   361  1119  1421  1542   734   348    12    22     9
    9  3196  2700  563880.00  5446040.00  49.163850  15.876246    69   191    95   351  1185  1429  1647   826   377    12    22     6
   10  3193  2701  563820.00  5446020.00  49.163676  15.875420    84   220   134   444  1409  1771  1930  1042   511    15    23     9
   11  3194  2701  563840.00  5446020.00  49.163674  15.875694    65   210   122   377  1105  1360  1636   833   382    12    22     9
   12  3195  2701  563860.00  5446020.00  49.163672  15.875969    67   208   100   339  1090  1342  1551   766   376    10    21     9
   13  3194  2702  563840.00  5446000.00  49.163494  15.875691    84   219   163   410  1086  1348  1492   952   457    16    23     8
   14  3195  2702  563860.00  5446000.00  49.163492  15.875965    61   183    98   375  1088  1372  1533   825   411    14    21     7

   1  3193  2705  563820.00  5445940.00  49.162956  15.875407    73   231   102   403  1423  1738  1912   758   358    10    23     9
   2  3194  2705  563840.00  5445940.00  49.162954  15.875682    91   235   102   405  1420  1795  1943   772   373    11    25    10
   3  3195  2705  563860.00  5445940.00  49.162952  15.875956    71   234   107   405  1446  1847  2007   756   360    10    24     9
   4  3193  2706  563820.00  5445920.00  49.162776  15.875404    74   242   113   412  1480  1821  2022   921   434    12    23     8
   5  3194  2706  563840.00  5445920.00  49.162774  15.875678    91   230   100   417  1437  1780  2005   846   376    11    25     9
   6  3195  2706  563860.00  5445920.00  49.162772  15.875953    74   237   108   422  1493  1910  2049   868   373    10    25     9

    1  3247  2677  564900.00  5446500.00  49.167880  15.890310   125   264   227   513  1050  1343  1440  1182   656    24    26    13
    2  3248  2677  564920.00  5446500.00  49.167878  15.890584   143   265   294   551  1002  1179  1338  1334   826    29    27    14
    3  3246  2678  564880.00  5446480.00  49.167702  15.890032   144   286   276   532   956  1178  1381  1239   713    29    30    16
    4  3247  2678  564900.00  5446480.00  49.167700  15.890307   127   273   248   526  1119  1358  1522  1233   662    26    29    13
    5  3248  2678  564920.00  5446480.00  49.167698  15.890581   129   276   260   567  1079  1299  1518  1269   725    28    28    14
    6  3249  2678  564940.00  5446480.00  49.167696  15.890855   139   265   299   574  1017  1175  1407  1389   839    31    27    15
    7  3246  2679  564880.00  5446460.00  49.167522  15.890029   177   337   346   604  1149  1330  1604  1351   805    36    34    16
    8  3247  2679  564900.00  5446460.00  49.167520  15.890303   156   306   332   604  1038  1233  1487  1412   883    35    32    14
    9  3248  2679  564920.00  5446460.00  49.167518  15.890578   147   281   319   560  1042  1206  1419  1334   803    34    29    14
   10  3249  2679  564940.00  5446460.00  49.167516  15.890852   165   281   354   602  1029  1203  1431  1407   846    36    29    17
   11  3250  2679  564960.00  5446460.00  49.167514  15.891126   168   303   378   601   978  1242  1445  1450   892    38    31    18
   12  3248  2680  564920.00  5446440.00  49.167338  15.890575   149   265   297   519  1067  1289  1410  1321   759    32    28    12
   13  3249  2680  564940.00  5446440.00  49.167336  15.890849   149   279   323   545   992  1207  1395  1246   775    33    29    15
   14  3250  2680  564960.00  5446440.00  49.167334  15.891123   123   259   268   535  1108  1288  1499  1224   740    29    25    11
   15  3250  2681  564960.00  5446420.00  49.167154  15.891120   106   260   156   474  1223  1449  1660  1062   530    15    27    12

   1  3254  2676  565040.00  5446520.00  49.168045  15.892233    98   254   158   443  1172  1435  1575  1022   475    17    24     8
   2  3255  2676  565060.00  5446520.00  49.168043  15.892508   103   253   165   489  1212  1473  1621   980   475    19    27    10
   3  3256  2676  565080.00  5446520.00  49.168041  15.892782   100   255   169   478  1225  1410  1629   994   492    16    27    12
   4  3254  2677  565040.00  5446500.00  49.167865  15.892230    80   254   143   472  1364  1611  1875  1073   489    17    26     9
   5  3255  2677  565060.00  5446500.00  49.167863  15.892505   102   268   163   489  1243  1550  1634  1015   498    18    29    11
   6  3256  2677  565080.00  5446500.00  49.167861  15.892779   134   305   208   526  1271  1524  1750  1123   594    21    31    12

   1  3349  2676  566940.00  5446520.00  49.167841  15.918295   122   290   183   474  1514  1874  2016   864   379    20    30    12
   2  3350  2676  566960.00  5446520.00  49.167838  15.918569   131   280   179   450  1494  1897  2035   797   347    18    28    11
   3  3350  2677  566960.00  5446500.00  49.167659  15.918566   141   288   187   496  1497  1861  2025   861   369    20    30    15
   4  3351  2677  566980.00  5446500.00  49.167656  15.918840   141   286   174   493  1457  1792  1953   778   345    18    30    17
   5  3350  2678  566960.00  5446480.00  49.167479  15.918562   141   281   199   527  1559  1807  2106   976   437    21    33    15
   6  3351  2678  566980.00  5446480.00  49.167477  15.918837   137   305   178   475  1481  1809  1953   798   365    19    30    15
   7  3352  2678  567000.00  5446480.00  49.167474  15.919111   138   300   195   475  1445  1825  1964   822   366    19    30    15
   8  3351  2679  566980.00  5446460.00  49.167297  15.918833   152   315   198   538  1688  2086  2256   970   414    23    33    17
   9  3352  2679  567000.00  5446460.00  49.167294  15.919108   153   312   186   498  1645  1962  2188   860   399    21    31    16

   1  3350  2683  566960.00  5446380.00  49.166579  15.918546   144   291   181   486  1376  1576  1801   898   428    19    30    13
   2  3350  2684  566960.00  5446360.00  49.166399  15.918542   133   291   172   437  1414  1707  1877   819   391    16    29    12
   3  3351  2684  566980.00  5446360.00  49.166397  15.918817   142   287   182   445  1358  1747  1920   813   393    20    30    16
   4  3350  2685  566960.00  5446340.00  49.166220  15.918539   144   305   191   490  1515  1867  2122   876   427    20    31    14
   5  3351  2685  566980.00  5446340.00  49.166217  15.918813   136   305   200   509  1501  1886  2048   870   404    21    31    15

   1  3336  2675  566680.00  5446540.00  49.168049  15.914732   163   323   207   552  1584  1991  2216  1006   444    22    33    16
   2  3337  2675  566700.00  5446540.00  49.168047  15.915006   159   319   205   523  1556  1901  2052   839   375    20    33    18
   3  3336  2676  566680.00  5446520.00  49.167869  15.914728   229   409   323   742  1862  2208  2456  1474   731    34    42    21
   4  3337  2676  566700.00  5446520.00  49.167867  15.915003   157   341   209   509  1635  2015  2188   936   374    24    36    18

   1  3343  2669  566820.00  5446660.00  49.169113  15.916672   152   285   189   456  1361  1680  1814   823   369    18    29    16
   2  3344  2669  566840.00  5446660.00  49.169111  15.916946   147   296   185   467  1384  1695  1841   794   362    19    30    17

    1  3352  2601  567000.00  5448020.00  49.181325  15.919367   114   265   146   471  1339  1745  1852   754   397    18    28    13
    2  3353  2601  567020.00  5448020.00  49.181323  15.919642   118   272   156   477  1509  1831  2005   775   398    17    28    14
    3  3351  2602  566980.00  5448000.00  49.181148  15.919090   115   281   159   444  1418  1766  1924   741   394    17    29    11
    4  3352  2602  567000.00  5448000.00  49.181146  15.919364   113   279   152   478  1438  1845  1953   758   394    16    28    11
    5  3353  2602  567020.00  5448000.00  49.181143  15.919639   129   285   162   492  1497  1824  2019   825   419    17    29    14
    6  3350  2603  566960.00  5447980.00  49.180970  15.918812   116   280   166   469  1392  1778  1899   826   388    17    29    12
    7  3351  2603  566980.00  5447980.00  49.180968  15.919086   116   299   167   489  1502  1862  1993   810   394    18    31    11
    8  3352  2603  567000.00  5447980.00  49.180966  15.919361   124   275   149   498  1459  1886  1976   807   395    17    30    12
    9  3350  2604  566960.00  5447960.00  49.180790  15.918809   126   277   179   474  1536  1972  2289  1189   669    22    30    14
   10  3351  2604  566980.00  5447960.00  49.180788  15.919083   134   282   180   386  1430  1783  2054   900   444    19    30    12
   11  3352  2604  567000.00  5447960.00  49.180786  15.919357   125   295   174   422  1454  1848  2086   856   388    14    29    11

   1  3356  2598  567080.00  5448080.00  49.181856  15.920475   150   308   174   536  1812  2287  2547  1012   473    18    31    12
   2  3355  2599  567060.00  5448060.00  49.181679  15.920197   124   293   161   506  1625  2078  2199   840   375    17    30    14
   3  3356  2599  567080.00  5448060.00  49.181676  15.920472   137   326   159   541  1697  2244  2473   919   445    17    33    18
   4  3355  2600  567060.00  5448040.00  49.181499  15.920194   127   309   155   508  1747  2147  2315   871   420    15    32    15
   5  3356  2600  567080.00  5448040.00  49.181497  15.920468   148   346   177   622  1818  2356  2727  1056   545    16    35    15

    1  3354  2591  567040.00  5448220.00  49.183120  15.919950   117   276   138   490  1471  1809  2007   772   376    15    29    14
    2  3355  2591  567060.00  5448220.00  49.183118  15.920224   116   263   140   452  1425  1751  1875   777   378    16    27    13
    3  3353  2592  567020.00  5448200.00  49.182942  15.919672    98   262   131   471  1456  1793  1956   730   373    15    27    11
    4  3354  2592  567040.00  5448200.00  49.182940  15.919946   104   273   132   477  1408  1738  1969   745   374    14    28    12
    5  3355  2592  567060.00  5448200.00  49.182938  15.920221   112   260   135   457  1483  1780  1944   790   352    15    27    13
    6  3356  2592  567080.00  5448200.00  49.182936  15.920495   116   270   144   475  1485  1812  1983   785   355    14    28    12
    7  3353  2593  567020.00  5448180.00  49.182762  15.919669   108   267   141   469  1392  1748  1871   737   371    16    28    11
    8  3354  2593  567040.00  5448180.00  49.182760  15.919943   109   259   128   454  1415  1738  1913   736   356    15    28    12
    9  3355  2593  567060.00  5448180.00  49.182758  15.920217   107   269   130   449  1502  1846  1941   748   334    15    27    13
   10  3356  2593  567080.00  5448180.00  49.182756  15.920492   113   282   141   489  1462  1884  2024   779   346    13    28    12
   11  3354  2594  567040.00  5448160.00  49.182580  15.919940   111   284   147   479  1476  1810  2018   801   358    13    29    11
   12  3355  2594  567060.00  5448160.00  49.182578  15.920214   120   299   140   507  1612  2038  2169   870   410    15    31    13
   13  3356  2594  567080.00  5448160.00  49.182576  15.920488   134   312   161   553  1606  2021  2202   903   415    17    34    15

   1  3366  2598  567280.00  5448080.00  49.181834  15.923219    99   292   158   476  1431  1764  1924   786   390    17    29    13
   2  3365  2599  567260.00  5448060.00  49.181657  15.922941   136   282   157   457  1394  1734  1829   802   375    15    29    15
   3  3366  2599  567280.00  5448060.00  49.181655  15.923216   137   299   170   467  1431  1816  1951   792   390    18    30    15
   4  3367  2599  567300.00  5448060.00  49.181652  15.923490   119   271   168   490  1507  1806  2020   815   397    18    28    13
   5  3366  2600  567280.00  5448040.00  49.181475  15.923212   118   261   150   472  1383  1718  1833   784   363    16    28    12
   6  3367  2600  567300.00  5448040.00  49.181472  15.923487   153   312   174   489  1548  1921  2089   801   383    18    30    15

   1  3424  2432  568440.00  5451400.00  49.211566  15.939700   238   399   419   695  1231  1450  1661  1633  1005    43    43    25
   2  3425  2432  568460.00  5451400.00  49.211564  15.939975   196   399   398   714  1244  1534  1695  1632   985    40    38    20
   3  3423  2433  568420.00  5451380.00  49.211389  15.939422   262   403   429   677  1128  1293  1510  1713  1114    44    41    27
   4  3424  2433  568440.00  5451380.00  49.211387  15.939697   233   396   426   683  1046  1223  1467  1629  1043    44    41    25
   5  3425  2433  568460.00  5451380.00  49.211384  15.939971   221   395   385   725  1169  1366  1669  1592   962    39    41    24
   6  3426  2433  568480.00  5451380.00  49.211382  15.940246   245   394   425   774  1311  1575  1819  1660  1005    42    41    24

   1  3412  2430  568200.00  5451440.00  49.211953  15.936412   218   371   334   658  1395  1756  1907  1378   756    35    39    21
   2  3413  2430  568220.00  5451440.00  49.211951  15.936687   220   374   339   641  1099  1351  1521  1339   754    34    37    20
   3  3412  2431  568200.00  5451420.00  49.211773  15.936409   212   361   304   599  1244  1580  1817  1285   689    30    37    20
   4  3413  2431  568220.00  5451420.00  49.211771  15.936683   225   369   334   643  1183  1421  1611  1293   703    35    38    23
   5  3412  2432  568200.00  5451400.00  49.211593  15.936405   210   395   337   682  1523  1806  1963  1498   822    35    40    23
   6  3413  2432  568220.00  5451400.00  49.211591  15.936680   233   393   397   699  1146  1392  1556  1489   920    42    41    23

   1  3396  2437  567880.00  5451300.00  49.210729  15.931995   134   302   193   525  1590  1920  2193  1092   539    21    33    14
   2  3396  2438  567880.00  5451280.00  49.210549  15.931992   129   304   233   554  1385  1697  1843  1161   627    25    31    13
   3  3396  2439  567880.00  5451260.00  49.210370  15.931988   176   320   317   592  1262  1458  1738  1270   696    34    34    17
   4  3397  2439  567900.00  5451260.00  49.210367  15.932263   142   288   208   523  1430  1735  1989  1059   532    23    30    16
   5  3397  2440  567900.00  5451240.00  49.210187  15.932260   145   285   224   527  1229  1514  1698  1074   564    24    30    15
   6  3397  2441  567900.00  5451220.00  49.210008  15.932256   162   317   278   592  1227  1505  1721  1238   699    29    33    18

   1  3477  2432  569500.00  5451400.00  49.211447  15.954252   211   376   255   573  1698  2067  2318   978   448    28    40    20
   2  3478  2432  569520.00  5451400.00  49.211445  15.954527   196   405   245   602  1696  2152  2333   970   468    26    41    21
   3  3479  2432  569540.00  5451400.00  49.211443  15.954801   215   404   257   605  1765  2193  2378  1033   469    28    43    24
   4  3480  2432  569560.00  5451400.00  49.211440  15.955076   213   392   224   571  1600  1943  2183  1032   486    27    41    22
   5  3478  2433  569520.00  5451380.00  49.211265  15.954523   214   407   253   640  1768  2204  2432   983   447    27    42    24
   6  3479  2433  569540.00  5451380.00  49.211263  15.954798   201   393   243   627  1772  2159  2402   954   437    25    39    21
   7  3480  2433  569560.00  5451380.00  49.211260  15.955072   211   383   241   608  1703  2159  2324   968   447    24    39    20

   1  3530  2463  570560.00  5450780.00  49.205750  15.968695   168   325   191   520  1435  1835  1940   816   370    20    34    19
   2  3531  2463  570580.00  5450780.00  49.205747  15.968969   174   310   208   493  1377  1728  1857   831   443    22    32    18
   3  3530  2464  570560.00  5450760.00  49.205570  15.968691   171   318   207   511  1471  1848  2038   839   417    20    34    18
   4  3531  2464  570580.00  5450760.00  49.205568  15.968966   171   340   221   517  1460  1814  1931   855   434    23    34    19
   5  3531  2465  570580.00  5450740.00  49.205388  15.968962   155   323   205   509  1437  1788  1934   837   386    20    32    16

    1  3324  1985  566440.00  5460340.00  49.292194  15.913726   258   419   451   782  1265  1496  1723  1531   837    45    42    26
    2  3325  1985  566460.00  5460340.00  49.292191  15.914001   285   446   554   830  1278  1463  1740  1757  1020    57    46    30
    3  3324  1986  566440.00  5460320.00  49.292014  15.913723   255   428   436   765  1309  1523  1789  1497   857    46    42    26
    4  3325  1986  566460.00  5460320.00  49.292012  15.913998   297   461   599   899  1324  1509  1754  1775  1069    63    48    32
    5  3326  1986  566480.00  5460320.00  49.292009  15.914273   263   429   544   813  1254  1440  1711  1680   970    55    43    27
    6  3327  1986  566500.00  5460320.00  49.292007  15.914548   271   425   508   797  1207  1459  1668  1610   957    53    45    30
    7  3324  1987  566440.00  5460300.00  49.291834  15.913719   253   403   412   715  1358  1552  1843  1390   801    41    40    24
    8  3325  1987  566460.00  5460300.00  49.291832  15.913994   265   420   520   828  1228  1436  1771  1594   929    54    44    29
    9  3326  1987  566480.00  5460300.00  49.291830  15.914269   267   432   478   822  1266  1473  1770  1630   928    52    43    28
   10  3327  1987  566500.00  5460300.00  49.291827  15.914545   292   432   492   789  1232  1443  1721  1606   938    51    44    29
   11  3325  1988  566460.00  5460280.00  49.291652  15.913991   271   427   477   753  1187  1407  1644  1534   850    49    44    29
   12  3326  1988  566480.00  5460280.00  49.291650  15.914266   285   444   590   845  1212  1444  1620  1677  1008    58    48    33
   13  3327  1988  566500.00  5460280.00  49.291647  15.914541   300   456   554   823  1211  1388  1590  1672  1018    57    46    32

    1  3347  1968  566900.00  5460680.00  49.295201  15.920108   302   429   332   639  1592  1873  2058  1148   580    35    45    31
    2  3348  1968  566920.00  5460680.00  49.295199  15.920383   302   450   326   657  1544  1856  2043  1021   558    34    46    31
    3  3349  1968  566940.00  5460680.00  49.295197  15.920658   242   420   303   632  1530  1856  2046   936   548    31    43    27
    4  3347  1969  566900.00  5460660.00  49.295022  15.920105   299   460   389   704  1566  1889  2034  1097   521    40    47    31
    5  3348  1969  566920.00  5460660.00  49.295019  15.920380   287   456   368   717  1625  1944  2003  1059   555    39    46    30
    6  3349  1969  566940.00  5460660.00  49.295017  15.920655   241   423   288   636  1547  1903  2057   974   553    30    43    26
    7  3347  1970  566900.00  5460640.00  49.294842  15.920102   316   511   359   671  1520  1822  2014   958   482    35    52    33
    8  3348  1970  566920.00  5460640.00  49.294839  15.920377   280   450   375   685  1560  1857  1937   990   509    39    49    28
    9  3347  1971  566900.00  5460620.00  49.294662  15.920098   359   480   328   645  1528  1812  1994   956   514    33    49    39
   10  3348  1971  566920.00  5460620.00  49.294660  15.920373   288   493   352   643  1511  1828  1991   938   484    38    51    31

    1  3351  1969  566980.00  5460660.00  49.295013  15.921205   238   399   304   637  1563  1877  2019   921   470    31    41    26
    2  3350  1970  566960.00  5460640.00  49.294835  15.920927   241   431   304   652  1503  1828  1985   938   453    32    44    27
    3  3351  1970  566980.00  5460640.00  49.294833  15.921202   262   438   308   668  1578  1878  2063   943   505    32    45    29
    4  3352  1970  567000.00  5460640.00  49.294831  15.921477   268   413   282   630  1522  1862  1997   923   468    30    43    30
    5  3353  1970  567020.00  5460640.00  49.294829  15.921752   301   409   278   591  1436  1759  1894   894   436    31    43    34
    6  3351  1971  566980.00  5460620.00  49.294653  15.921198   273   434   327   695  1595  1904  2071   993   509    35    45    29
    7  3352  1971  567000.00  5460620.00  49.294651  15.921473   258   404   304   656  1532  1818  1984  1018   521    32    42    27
    8  3353  1971  567020.00  5460620.00  49.294649  15.921749   264   391   282   605  1518  1814  2011   945   461    30    41    27
    9  3354  1971  567040.00  5460620.00  49.294646  15.922024   294   406   255   585  1615  1976  2109   885   411    26    43    31
   10  3352  1972  567000.00  5460600.00  49.294471  15.921470   282   435   397   676  1444  1661  1829  1090   586    39    46    30
   11  3353  1972  567020.00  5460600.00  49.294469  15.921745   251   400   301   627  1438  1696  1903   987   487    30    40    25
   12  3353  1973  567020.00  5460580.00  49.294289  15.921742   231   406   283   615  1438  1757  1857   939   491    27    42    26

   1  3350  1965  566960.00  5460740.00  49.295734  15.920944   247   378   300   607  1447  1745  1878   956   503    31    38    25
   2  3351  1965  566980.00  5460740.00  49.295732  15.921219   230   428   332   659  1582  1902  2022   965   476    33    43    25
   3  3352  1965  567000.00  5460740.00  49.295730  15.921494   252   438   374   687  1643  1923  2101  1013   478    38    45    25
   4  3351  1966  566980.00  5460720.00  49.295552  15.921215   272   470   346   630  1503  1801  2013   940   458    35    48    26
   5  3352  1966  567000.00  5460720.00  49.295550  15.921490   303   491   332   649  1534  1868  2057   967   478    35    49    28

    1  3379  1933  567540.00  5461380.00  49.301427  15.929028   319   475   364   718  1658  1962  2096  1172   669    37    49    34
    2  3378  1934  567520.00  5461360.00  49.301249  15.928749   300   487   367   660  1480  1850  2023  1107   642    38    46    30
    3  3379  1934  567540.00  5461360.00  49.301247  15.929024   355   484   414   760  1649  1961  2142  1163   729    41    50    39
    4  3380  1934  567560.00  5461360.00  49.301245  15.929299   483   605   438   779  1760  2084  2241  1261   769    47    62    45
    5  3378  1935  567520.00  5461340.00  49.301069  15.928746   332   453   319   663  1564  1926  2047  1101   666    33    47    33
    6  3379  1935  567540.00  5461340.00  49.301067  15.929021   328   525   418   773  1650  1982  2219  1208   763    43    54    35
    7  3378  1936  567520.00  5461320.00  49.300889  15.928743   339   439   380   712  1622  1949  2116  1146   650    40    46    29
    8  3377  1937  567500.00  5461300.00  49.300712  15.928464   296   509   378   674  1590  1964  2175  1084   667    38    52    31
    9  3378  1937  567520.00  5461300.00  49.300709  15.928739   343   519   428   752  1708  2086  2183  1176   675    45    53    34
   10  3377  1938  567500.00  5461280.00  49.300532  15.928461   367   508   363   721  1721  2071  2312  1148   682    37    51    38

   1  3386  1934  567680.00  5461360.00  49.301231  15.930950   348   595   477   796  1708  2077  2285  1203   841    48    60    35
   2  3385  1935  567660.00  5461340.00  49.301054  15.930671   430   563   480   870  1866  2242  2383  1405   968    48    57    43
   3  3386  1935  567680.00  5461340.00  49.301052  15.930946   413   559   426   795  1785  2191  2379  1305   910    45    58    41
   4  3386  1936  567680.00  5461320.00  49.300872  15.930943   385   528   456   822  1854  2193  2394  1390   905    47    54    38
   5  3387  1936  567700.00  5461320.00  49.300869  15.931218   360   488   399   769  1713  2064  2232  1255   834    43    51    38
   6  3387  1937  567700.00  5461300.00  49.300690  15.931215   308   500   448   803  1749  2042  2238  1232   742    47    51    32

   1  3384  1931  567640.00  5461420.00  49.301775  15.930410   295   421   332   685  1633  1992  2203  1104   704    35    44    28
   2  3385  1931  567660.00  5461420.00  49.301773  15.930685   256   431   338   684  1612  2001  2158  1099   708    33    44    30
   3  3386  1931  567680.00  5461420.00  49.301771  15.930960   250   407   327   675  1690  2054  2283  1087   735    34    41    25
   4  3385  1932  567660.00  5461400.00  49.301593  15.930682   272   439   378   730  1704  2033  2177  1189   754    39    45    28
   5  3386  1932  567680.00  5461400.00  49.301591  15.930957   228   420   382   744  1711  2100  2254  1214   775    40    45    24

    1  3472  1806  569400.00  5463920.00  49.324063  15.955050   157   315   185   525  1482  1783  1950   801   388    20    33    17
    2  3471  1807  569380.00  5463900.00  49.323885  15.954772   151   296   163   504  1444  1750  1898   781   379    16    31    15
    3  3472  1807  569400.00  5463900.00  49.323883  15.955047   154   311   169   516  1448  1771  1937   794   386    18    32    16
    4  3473  1807  569420.00  5463900.00  49.323881  15.955322   138   304   172   511  1429  1748  1892   804   387    18    31    15
    5  3471  1808  569380.00  5463880.00  49.323705  15.954768   157   296   173   500  1426  1763  1897   776   369    18    32    17
    6  3472  1808  569400.00  5463880.00  49.323703  15.955043   137   300   164   511  1427  1775  1940   785   373    19    31    15
    7  3473  1808  569420.00  5463880.00  49.323701  15.955319   143   295   168   511  1409  1725  1871   785   366    18    31    15
    8  3471  1809  569380.00  5463860.00  49.323525  15.954765   150   311   172   490  1442  1749  1897   765   373    18    31    17
    9  3472  1809  569400.00  5463860.00  49.323523  15.955040   159   280   179   491  1437  1792  1922   777   360    21    31    16
   10  3473  1809  569420.00  5463860.00  49.323521  15.955315   147   302   179   497  1415  1753  1911   770   371    19    31    15
   11  3471  1810  569380.00  5463840.00  49.323345  15.954761   152   308   162   487  1423  1726  1933   739   369    18    32    18
   12  3472  1810  569400.00  5463840.00  49.323343  15.955036   148   307   177   500  1390  1730  1898   774   353    19    31    16
   13  3473  1810  569420.00  5463840.00  49.323341  15.955312   140   298   178   493  1432  1776  1887   758   376    20    32    16
   14  3472  1811  569400.00  5463820.00  49.323163  15.955033   137   282   165   459  1387  1675  1859   755   352    16    29    15
   15  3473  1811  569420.00  5463820.00  49.323161  15.955308   150   303   171   478  1384  1695  1877   733   368    19    31    16
   16  3474  1811  569440.00  5463820.00  49.323159  15.955583   137   291   172   483  1381  1667  1847   774   384    19    30    15
   17  3472  1812  569400.00  5463800.00  49.322983  15.955029   125   271   152   433  1322  1639  1771   721   345    16    28    13
   18  3473  1812  569420.00  5463800.00  49.322981  15.955305   130   275   157   430  1308  1596  1758   738   351    16    29    13
   19  3472  1813  569400.00  5463780.00  49.322804  15.955026   145   277   164   470  1322  1629  1765   736   335    17    30    14

   1  3463  1808  569220.00  5463880.00  49.323723  15.952567   133   287   160   490  1485  1839  1963   717   302    15    28    13
   2  3464  1808  569240.00  5463880.00  49.323721  15.952842   141   313   166   498  1473  1828  1995   731   313    18    31    15
   3  3465  1808  569260.00  5463880.00  49.323719  15.953117   133   287   158   472  1470  1828  1995   776   342    17    29    13
   4  3463  1809  569220.00  5463860.00  49.323544  15.952563   139   299   168   486  1512  1810  1976   748   329    17    30    14
   5  3464  1809  569240.00  5463860.00  49.323541  15.952838   143   303   158   501  1510  1873  2016   739   347    17    32    16
   6  3465  1809  569260.00  5463860.00  49.323539  15.953114   140   316   155   500  1527  1880  2043   771   339    16    33    17
   7  3464  1810  569240.00  5463840.00  49.323361  15.952835   148   317   167   511  1564  1918  2070   755   383    18    33    17
   8  3465  1810  569260.00  5463840.00  49.323359  15.953110   148   308   163   513  1529  1846  2009   765   345    17    32    16

    1  3447  1729  568900.00  5465460.00  49.337970  15.948437   658   853   834  1185  2030  2358  2554  1760  1171    84    88    67
    2  3448  1729  568920.00  5465460.00  49.337968  15.948712   751   952   903  1257  2107  2436  2582  1852  1218    92    97    76
    3  3447  1730  568900.00  5465440.00  49.337790  15.948433   762   971   912  1263  2096  2427  2626  1839  1202    95    99    81
    4  3448  1730  568920.00  5465440.00  49.337788  15.948708   839  1016   987  1317  2122  2434  2667  1887  1242   100   104    86
    5  3449  1730  568940.00  5465440.00  49.337786  15.948984   825  1020   972  1323  2109  2431  2664  1904  1235   100   102    84
    6  3450  1730  568960.00  5465440.00  49.337783  15.949259   770   922   913  1273  2070  2427  2637  1852  1200    94    96    77
    7  3447  1731  568900.00  5465420.00  49.337610  15.948430   911  1042   950  1290  2133  2455  2665  1874  1233    95   105    91
    8  3448  1731  568920.00  5465420.00  49.337608  15.948705   931  1072   947  1301  2149  2464  2692  1904  1242    98   109    94
    9  3449  1731  568940.00  5465420.00  49.337606  15.948980   881  1039   963  1341  2139  2449  2685  1888  1227    99   106    90
   10  3450  1731  568960.00  5465420.00  49.337603  15.949256   794   977   892  1271  2111  2430  2655  1818  1173    92    99    80
   11  3448  1732  568920.00  5465400.00  49.337428  15.948702   920  1055   973  1333  2196  2498  2741  1931  1261    99   108    93
   12  3449  1732  568940.00  5465400.00  49.337426  15.948977   905  1034   957  1329  2151  2475  2704  1898  1227    98   105    92
   13  3450  1732  568960.00  5465400.00  49.337424  15.949252   807   937   879  1248  2109  2433  2656  1816  1143    91    97    82
   14  3449  1733  568940.00  5465380.00  49.337246  15.948973   887  1009   940  1295  2164  2523  2739  1911  1256    96   103    93
   15  3450  1733  568960.00  5465380.00  49.337244  15.949249   749   929   849  1225  2069  2444  2667  1792  1145    86    94    78

    1  3114  1761  562240.00  5464820.00  49.332930  15.856670  2645  2535  2420  2861  3324  3393  3511  3150  2463   248   255   253
    2  3115  1761  562260.00  5464820.00  49.332928  15.856946  2443  2567  2434  2931  3447  3588  3700  3346  2679   248   255   248
    3  3116  1761  562280.00  5464820.00  49.332925  15.857221  2558  2622  2618  3112  3606  3745  3850  3468  2841   255   255   255
    4  3114  1762  562240.00  5464800.00  49.332750  15.856667  2624  2649  2414  2732  3355  3567  3730  3221  2723   245   255   253
    5  3115  1762  562260.00  5464800.00  49.332748  15.856943  2844  2720  2456  2938  3606  3857  3968  3472  2973   252   255   252
    6  3116  1762  562280.00  5464800.00  49.332746  15.857218  2882  2894  2700  3127  3731  3967  4065  3601  3055   255   255   255
    7  3117  1762  562300.00  5464800.00  49.332744  15.857493  3343  3294  2887  3292  3861  4003  4057  3697  3106   254   255   253
    8  3114  1763  562240.00  5464780.00  49.332570  15.856664  2722  2550  2396  3028  3693  3929  4017  3505  2933   246   255   254
    9  3115  1763  562260.00  5464780.00  49.332568  15.856939  2958  2825  2646  3292  3947  4124  4213  3723  3092   255   255   255
   10  3116  1763  562280.00  5464780.00  49.332566  15.857215  3256  2922  2773  3291  3878  4094  4224  3799  3189   255   255   255
   11  3117  1763  562300.00  5464780.00  49.332564  15.857490  3639  3241  2848  3332  3979  4199  4350  3876  3398   255   255   255
   12  3116  1764  562280.00  5464760.00  49.332386  15.857212  3061  3043  2860  3466  4080  4337  4545  4037  3502   255   255   255
   13  3117  1764  562300.00  5464760.00  49.332384  15.857487  3450  3061  2967  3610  4411  4614  4840  4236  3828   255   255   255

   1  3122  1752  562400.00  5465000.00  49.334532  15.858901  2667  2948  2661  3054  3402  3518  3601  3337  2682   255   255   253
   2  3123  1752  562420.00  5465000.00  49.334530  15.859176  2841  2950  2856  3295  3673  3679  3549  3477  2640   254   255   255
   3  3124  1752  562440.00  5465000.00  49.334528  15.859451  2589  2714  2702  3302  3766  3839  3744  3569  2891   255   255   247
   4  3122  1753  562400.00  5464980.00  49.334352  15.858898  3055  2909  2485  2817  3376  3508  3609  3218  2715   254   255   252
   5  3123  1753  562420.00  5464980.00  49.334350  15.859173  3021  3037  2783  3027  3294  3325  3412  3239  2497   253   255   255
   6  3124  1753  562440.00  5464980.00  49.334348  15.859448  2860  2928  2720  3131  3595  3704  3743  3458  2867   255   255   255
   7  3123  1754  562420.00  5464960.00  49.334170  15.859170  3171  2868  2433  2684  3240  3442  3679  3183  2910   248   255   252

    1  3101  1772  561980.00  5464600.00  49.330977  15.853058  2521  2703  2709  3152  3607  3733  3818  3575  3063   255   255   254
    2  3102  1772  562000.00  5464600.00  49.330975  15.853333  2621  2659  2690  3218  3634  3748  3789  3608  3049   255   255   254
    3  3103  1772  562020.00  5464600.00  49.330973  15.853609  2674  2575  2560  3149  3633  3800  3834  3612  3000   255   255   255
    4  3100  1773  561960.00  5464580.00  49.330799  15.852780  2770  2797  2694  3137  3529  3617  3710  3512  2982   255   255   255
    5  3101  1773  561980.00  5464580.00  49.330797  15.853055  2804  2807  2639  3110  3584  3737  3857  3551  3130   255   255   255
    6  3102  1773  562000.00  5464580.00  49.330795  15.853330  2698  2832  2694  3104  3535  3686  3811  3524  3083   255   254   254
    7  3103  1773  562020.00  5464580.00  49.330793  15.853605  2561  2665  2666  3127  3481  3613  3700  3489  2920   255   255   255
    8  3104  1773  562040.00  5464580.00  49.330791  15.853881  2577  2423  2497  2966  3454  3526  3584  3399  2827   255   247   253
    9  3100  1774  561960.00  5464560.00  49.330620  15.852777  2878  2802  2603  3070  3540  3638  3762  3510  3048   255   255   255
   10  3101  1774  561980.00  5464560.00  49.330618  15.853052  2852  2736  2594  3169  3671  3768  3849  3575  3133   255   255   255
   11  3102  1774  562000.00  5464560.00  49.330616  15.853327  2891  2843  2527  3028  3561  3687  3803  3504  3049   255   254   254
   12  3103  1774  562020.00  5464560.00  49.330614  15.853602  2638  2733  2516  2911  3384  3566  3686  3386  2899   255   255   255
   13  3104  1774  562040.00  5464560.00  49.330611  15.853878  2479  2563  2423  2836  3262  3466  3629  3298  2859   246   254   255
   14  3100  1775  561960.00  5464540.00  49.330440  15.852774  2817  2822  2719  3150  3553  3658  3726  3528  2986   255   255   255
   15  3101  1775  561980.00  5464540.00  49.330438  15.853049  2774  2701  2753  3237  3633  3698  3733  3579  2978   255   255   255
   16  3102  1775  562000.00  5464540.00  49.330436  15.853324  2867  2577  2553  3056  3538  3685  3717  3513  2932   255   255   255
   17  3103  1775  562020.00  5464540.00  49.330434  15.853599  2736  2529  2361  2884  3400  3510  3612  3360  2856   240   255   255
   18  3100  1776  561960.00  5464520.00  49.330260  15.852770  2953  2917  2715  3102  3523  3599  3658  3476  2923   255   255   255
   19  3101  1776  561980.00  5464520.00  49.330258  15.853046  2722  2878  2697  3162  3526  3587  3585  3505  2827   255   255   255
   20  3102  1776  562000.00  5464520.00  49.330256  15.853321  2538  2617  2530  2970  3432  3513  3558  3428  2759   255   254   254
   21  3103  1776  562020.00  5464520.00  49.330254  15.853596  2475  2475  2437  2902  3363  3469  3609  3353  2853   251   253   253
   22  3100  1777  561960.00  5464500.00  49.330080  15.852767  2976  2874  2573  2956  3369  3547  3660  3397  2909   255   255   255
   23  3101  1777  561980.00  5464500.00  49.330078  15.853043  2921  2783  2605  2935  3337  3433  3543  3334  2799   255   255   255
   24  3102  1777  562000.00  5464500.00  49.330076  15.853318  2587  2591  2427  2814  3273  3363  3480  3305  2793   248   255   255
   25  3100  1778  561960.00  5464480.00  49.329900  15.852764  2940  2691  2452  2921  3431  3557  3628  3405  2895   249   255   255
   26  3101  1778  561980.00  5464480.00  49.329898  15.853039  2745  2635  2347  2760  3279  3495  3609  3306  2911   239   254   255
   27  3102  1778  562000.00  5464480.00  49.329896  15.853315  2607  2573  2423  2867  3374  3624  3763  3397  3039   249   255   255
   28  3101  1779  561980.00  5464460.00  49.329718  15.853036  2637  2431  2376  2997  3462  3617  3749  3479  2993   243   248   252
   29  3102  1779  562000.00  5464460.00  49.329716  15.853312  2702  2677  2707  3222  3698  3806  3865  3615  3060   255   255   255

    1  3091  1772  561780.00  5464600.00  49.330998  15.850306  2674  2628  2540  3027  3552  3777  3846  3514  3094   255   255   255
    2  3091  1773  561780.00  5464580.00  49.330818  15.850303  2673  2673  2595  3135  3575  3692  3711  3495  2958   255   255   255
    3  3092  1773  561800.00  5464580.00  49.330816  15.850578  2656  2774  2568  2995  3466  3533  3655  3399  2898   255   255   255
    4  3090  1774  561760.00  5464560.00  49.330640  15.850024  2750  2791  2687  3100  3478  3516  3626  3421  2839   255   255   254
    5  3091  1774  561780.00  5464560.00  49.330638  15.850300  2796  2712  2576  2980  3415  3544  3687  3379  2937   253   255   255
    6  3092  1774  561800.00  5464560.00  49.330636  15.850575  2898  2675  2459  2971  3492  3694  3900  3437  3166   254   255   255
    7  3090  1775  561760.00  5464540.00  49.330460  15.850021  2870  2806  2510  2826  3323  3528  3673  3320  2965   255   255   254
    8  3091  1775  561780.00  5464540.00  49.330458  15.850296  2709  2622  2406  3029  3609  3862  3996  3539  3269   244   255   255
    9  3092  1775  561800.00  5464540.00  49.330456  15.850572  2716  2683  2725  3292  3811  4018  4119  3691  3389   253   255   255
   10  3090  1776  561760.00  5464520.00  49.330280  15.850018  2743  2511  2491  3071  3555  3770  3833  3497  3076   253   255   255
   11  3091  1776  561780.00  5464520.00  49.330278  15.850293  2675  2708  2886  3467  3925  4029  4109  3781  3299   255   255   255

   1  2915  2792  558260.00  5444200.00  49.147859  15.798898   181   334   222   531  1531  1908  2091   893   400    23    35    20
   2  2916  2792  558280.00  5444200.00  49.147857  15.799172   180   327   215   552  1647  2050  2308   879   419    21    34    18
   3  2917  2792  558300.00  5444200.00  49.147855  15.799447   188   338   221   585  1761  2172  2429   978   444    22    35    18
   4  2915  2793  558260.00  5444180.00  49.147679  15.798895   177   332   226   567  1428  1733  1917   994   477    23    34    19
   5  2916  2793  558280.00  5444180.00  49.147677  15.799170   161   329   211   561  1526  1936  2115   881   411    21    33    18
   6  2917  2793  558300.00  5444180.00  49.147675  15.799444   185   340   220   574  1631  2040  2129   926   396    24    36    21
   7  2916  2794  558280.00  5444160.00  49.147497  15.799167   173   327   236   554  1433  1789  1897   961   497    26    34    19

    1  4087  2898  581700.00  5442080.00  49.126121  16.119838  151  213  119  114   10    0    0   63   61   13   23   17
    2  4087  2899  581700.00  5442060.00  49.125941  16.119834  159  219  140  105   11    0    0   57   62   14   23   17
    3  4088  2899  581720.00  5442060.00  49.125939  16.120108  151  222  131  113   22    0    1   67   57   14   23   16
    4  4086  2900  581680.00  5442040.00  49.125764  16.119555  156  225  134  110    1    0    1   50   59   13   23   17
    5  4087  2900  581700.00  5442040.00  49.125762  16.119830  140  228  129  100    2    0    1   52   49   14   24   17
    6  4088  2900  581720.00  5442040.00  49.125759  16.120104  150  226  127  102    8    7    1   70   59   15   23   16
    7  4086  2901  581680.00  5442020.00  49.125584  16.119551  145  215  138  110    3    1    2   48   58   13   22   16
    8  4087  2901  581700.00  5442020.00  49.125582  16.119825  140  220  126  107    7    1    2   52   52   12   23   16
    9  4088  2901  581720.00  5442020.00  49.125579  16.120100  157  223  132  122    3    1    1   75   73   16   23   16
   10  4086  2902  581680.00  5442000.00  49.125405  16.119547  142  212  129  115    2    0    2   60   53   13   22   15
   11  4087  2902  581700.00  5442000.00  49.125402  16.119821  147  223  133  107    2    1    2   58   67   14   23   15
   12  4088  2902  581720.00  5442000.00  49.125399  16.120095  151  222  142  151    1   19    0   80   75   15   24   16
   13  4086  2903  581680.00  5441980.00  49.125225  16.119543  134  214  134  114    1    2    2   59   57   13   23   15
   14  4087  2903  581700.00  5441980.00  49.125222  16.119817  141  229  133  109   12    2    3   59   74   12   24   16
   15  4088  2903  581720.00  5441980.00  49.125219  16.120091  167  230  135  152    2   22    2   84   54   14   24   16
   16  4086  2904  581680.00  5441960.00  49.125045  16.119539  140  221  129  116    1    1    0   67   61   13   23   15
   17  4087  2904  581700.00  5441960.00  49.125042  16.119813  142  231  132  105    1    3    1   54   74   14   24   16
   18  4088  2904  581720.00  5441960.00  49.125039  16.120087  173  244  155  154    0   62    0   94   73   15   25   18
   19  4087  2905  581700.00  5441940.00  49.124862  16.119809  154  223  135  117    1    0   12   69   74   15   23   15
   20  4088  2905  581720.00  5441940.00  49.124860  16.120083  195  247  175  149   38   62   14  134  116   17   26   20
   21  4088  2906  581720.00  5441920.00  49.124680  16.120079  163  232  157  106   24    0    2  109  102   14   23   16

